local pos={
	--CFrame.new(114.435051,3.642104,-17.080383,-0.043618,-0.000000,0.999048,-0.000000,1.000000,0.000000,-0.999048,-0.000000,-0.043618),
	--CFrame.new(114.435051,3.642104,-17.080383,-0.043618,-0.000000,0.999048,-0.000000,1.000000,0.000000,-0.999048,-0.000000,-0.043618),
	--CFrame.new(111.859909,3.642104,-16.967930,-0.043618,-0.000000,0.999048,-0.000000,1.000000,0.000000,-0.999048,-0.000000,-0.043618),
	--CFrame.new(108.396469,3.642104,-16.816677,-0.043618,-0.000000,0.999048,-0.000000,1.000000,0.000000,-0.999048,-0.000000,-0.043618),
	--CFrame.new(104.933029,3.642104,-16.665424,-0.043618,-0.000000,0.999048,-0.000000,1.000000,0.000000,-0.999048,-0.000000,-0.043618),
	--CFrame.new(101.469589,3.642104,-16.514172,-0.043618,-0.000000,0.999048,-0.000000,1.000000,0.000000,-0.999048,-0.000000,-0.043618),
	--CFrame.new(98.272568,3.642104,-16.374554,-0.043618,-0.000000,0.999048,-0.000000,1.000000,0.000000,-0.999048,-0.000000,-0.043618),
	--CFrame.new(94.809128,3.642104,-16.223301,-0.043618,0.000000,0.999048,0.000000,1.000000,-0.000000,-0.999048,0.000000,-0.043618),
	--CFrame.new(91.612106,3.642104,-16.083683,-0.043618,0.000000,0.999048,0.000000,1.000000,-0.000000,-0.999048,0.000000,-0.043618),
	--CFrame.new(88.415085,3.642104,-15.944084,-0.043618,0.000000,0.999048,0.000000,1.000000,-0.000000,-0.999048,0.000000,-0.043618),
	--CFrame.new(84.951645,3.642104,-15.792881,-0.043618,0.000000,0.999048,0.000000,1.000000,-0.000000,-0.999048,0.000000,-0.043618),
	--CFrame.new(81.488205,3.642104,-15.641678,-0.043618,0.000000,0.999048,0.000000,1.000000,-0.000000,-0.999048,0.000000,-0.043618),
	--CFrame.new(78.291183,3.642104,-15.502106,-0.043618,0.000000,0.999048,0.000000,1.000000,-0.000000,-0.999048,0.000000,-0.043618),
	--CFrame.new(75.094162,3.642104,-15.362534,-0.043618,-0.000000,0.999048,-0.000000,1.000000,0.000000,-0.999048,-0.000000,-0.043618),
	--CFrame.new(71.629837,3.642104,-15.238194,-0.017452,-0.000000,0.999848,-0.000000,1.000000,0.000000,-0.999848,-0.000000,-0.017452),
	--CFrame.new(68.164886,3.642104,-15.319498,0.043621,-0.000000,0.999048,-0.000000,1.000000,0.000000,-0.999048,-0.000000,0.043621),
	--CFrame.new(64.701447,3.642104,-15.470701,0.043621,-0.000000,0.999048,-0.000000,1.000000,0.000000,-0.999048,-0.000000,0.043621),
	--CFrame.new(61.504425,3.642104,-15.610273,0.043621,-0.000000,0.999048,-0.000000,1.000000,0.000000,-0.999048,-0.000000,0.043621),
	--CFrame.new(58.040985,3.642104,-15.761477,0.043621,-0.000000,0.999048,-0.000000,1.000000,0.000000,-0.999048,-0.000000,0.043621),
	--CFrame.new(54.577545,3.642104,-15.912680,0.043621,-0.000000,0.999048,-0.000000,1.000000,0.000000,-0.999048,-0.000000,0.043621),
	--CFrame.new(51.380524,3.642104,-16.052271,0.043619,-0.000000,0.999048,-0.000000,1.000000,0.000000,-0.999048,-0.000000,0.043619),
	--CFrame.new(48.183502,3.642104,-16.191889,0.043619,0.000000,0.999048,0.000000,1.000000,-0.000000,-0.999048,0.000000,0.043619),
	--CFrame.new(44.986481,3.642104,-16.331507,0.043619,0.000000,0.999048,0.000000,1.000000,-0.000000,-0.999048,0.000000,0.043619),
	--CFrame.new(41.523041,3.642104,-16.482759,0.043619,0.000000,0.999048,0.000000,1.000000,-0.000000,-0.999048,0.000000,0.043619),
	--CFrame.new(38.326729,3.642104,-16.635271,0.078460,0.000000,0.996917,0.000000,1.000000,-0.000000,-0.996917,0.000000,0.078460),
	--CFrame.new(34.891354,3.642104,-17.084967,0.199370,0.000000,0.979924,0.000000,1.000000,-0.000000,-0.979924,0.000000,0.199370),
	--CFrame.new(31.508699,3.642104,-17.842625,0.233446,0.000000,0.972370,0.000000,1.000000,-0.000000,-0.972370,0.000000,0.233446),
	
	
	CFrame.new(28.419382,3.642104,-18.674757,0.309017,-0.000000,0.951056,-0.000000,1.000000,0.000000,-0.951056,-0.000000,0.309017),
	CFrame.new(25.184000,3.642104,-19.913961,0.422621,-0.000000,0.906306,-0.000000,1.000000,0.000000,-0.906306,-0.000000,0.422621),
	CFrame.new(22.283646,3.638148,-21.266050,0.422619,-0.000000,0.906307,-0.000000,1.000000,0.000000,-0.906307,-0.000000,0.422619),
	CFrame.new(19.141754,3.441895,-22.731169,0.422619,-0.000000,0.906307,-0.000000,1.000000,0.000000,-0.906307,-0.000000,0.422619),
	CFrame.new(15.996280,3.442104,-24.188446,0.390733,-0.000000,0.920504,-0.000000,1.000000,0.000000,-0.920504,-0.000000,0.390733),
	CFrame.new(12.690829,3.442104,-25.213903,0.233446,-0.000000,0.972370,-0.000000,1.000000,0.000000,-0.972370,-0.000000,0.233446),
	CFrame.new(9.313782,3.442104,-25.996687,0.216439,-0.000000,0.976296,-0.000000,1.000000,0.000000,-0.976296,-0.000000,0.216439),
	CFrame.new(5.929291,3.442104,-26.747000,0.216439,-0.000000,0.976296,-0.000000,1.000000,0.000000,-0.976296,-0.000000,0.216439),
	CFrame.new(2.544800,3.442104,-27.497313,0.216439,-0.000000,0.976296,-0.000000,1.000000,0.000000,-0.976296,-0.000000,0.216439),
	CFrame.new(-0.794751,3.442104,-28.410395,0.374606,-0.000000,0.927184,-0.000000,1.000000,0.000000,-0.927184,-0.000000,0.374606),
	CFrame.new(-3.924284,3.442104,-29.896551,0.492423,-0.000000,0.870356,-0.000000,1.000000,0.000000,-0.870356,-0.000000,0.492423),
	CFrame.new(-6.563106,3.442104,-31.699327,0.636080,0.000000,0.771623,0.000000,1.000000,-0.000000,-0.771623,0.000000,0.636080),
	CFrame.new(-9.063355,3.442104,-34.095898,0.737276,0.000000,0.675591,0.000000,1.000000,-0.000000,-0.675591,0.000000,0.737276),
	CFrame.new(-11.097548,3.442104,-36.563759,0.814115,0.000000,0.580703,0.000000,1.000000,-0.000000,-0.580703,0.000000,0.814115),
	CFrame.new(-12.997590,3.442104,-39.462437,0.848048,0.000000,0.529919,-0.000000,1.000000,-0.000000,-0.529919,0.000000,0.848048),
	CFrame.new(-14.495114,3.442104,-42.551434,0.996917,0.000000,0.078459,-0.000000,1.000000,-0.000000,-0.078459,0.000000,0.996917),
	CFrame.new(-14.495739,3.442104,-45.749985,0.999848,0.000000,-0.017453,-0.000000,1.000000,-0.000000,0.017453,0.000000,0.999848),
	CFrame.new(-14.435238,3.442104,-49.216202,0.999848,0.000000,-0.017453,-0.000000,1.000000,-0.000000,0.017453,0.000000,0.999848),
	CFrame.new(-14.152345,3.442104,-52.663605,0.979925,0.000000,-0.199368,-0.000000,1.000000,-0.000000,0.199368,0.000000,0.979925),
	CFrame.new(-13.412671,3.442104,-55.776436,0.961262,0.000000,-0.275637,-0.000000,1.000000,-0.000000,0.275637,0.000000,0.961262),
	CFrame.new(-11.327114,3.457848,-58.415951,0.384029,-0.020793,-0.923087,0.024034,0.999633,-0.012519,0.923008,-0.017377,0.384388),
	CFrame.new(-8.266714,3.481409,-59.181820,0.130524,-0.000000,-0.991445,0.000000,1.000000,-0.000000,0.991445,-0.000000,0.130524),
	CFrame.new(-5.087272,3.486724,-59.156269,-0.216438,-0.000000,-0.976296,0.000000,1.000000,-0.000000,0.976296,-0.000000,-0.216438),
	CFrame.new(-1.714506,3.486727,-58.355145,-0.233445,0.000000,-0.972370,-0.000000,1.000000,0.000000,0.972370,0.000000,-0.233445),
	CFrame.new(1.656377,3.486727,-57.545818,-0.233445,0.000000,-0.972370,0.000000,1.000000,0.000000,0.972370,-0.000000,-0.233445),
	CFrame.new(5.059694,3.486727,-56.923676,-0.026176,-0.000000,-0.999657,-0.000000,1.000000,-0.000000,0.999657,0.000000,-0.026176),
	CFrame.new(6.767566,3.486727,-56.930656,0.043619,-0.000000,-0.999048,0.000000,1.000000,-0.000000,0.999048,-0.000000,0.043619),
	CFrame.new(6.767566,3.486727,-56.930656,0.052336,-0.000000,-0.998630,0.000000,1.000000,-0.000000,0.998630,-0.000000,0.052336),
	CFrame.new(6.767566,3.486727,-56.930656,0.052336,0.000000,-0.998630,-0.000000,1.000000,0.000000,0.998630,0.000000,0.052336),
	CFrame.new(6.767566,3.486727,-56.930656,0.325567,0.000000,-0.945519,-0.000000,1.000000,0.000000,0.945519,-0.000000,0.325567),
	CFrame.new(6.767567,3.486727,-56.930656,0.656057,0.000000,-0.754712,-0.000000,1.000000,0.000000,0.754712,-0.000000,0.656057),
	CFrame.new(6.767565,3.486727,-56.930653,0.995396,0.000000,-0.095846,-0.000000,1.000000,0.000000,0.095846,-0.000000,0.995396),
	CFrame.new(6.767565,3.486727,-56.930653,0.993572,0.000000,0.113202,-0.000000,1.000000,0.000000,-0.113202,-0.000000,0.993572),
	CFrame.new(6.767565,3.486727,-56.930653,0.992546,0.000000,0.121868,-0.000000,1.000000,0.000000,-0.121868,-0.000000,0.992546),
	CFrame.new(6.767565,3.486727,-56.930653,0.992546,0.000000,0.121868,-0.000000,1.000000,-0.000000,-0.121868,-0.000000,0.992546),
	CFrame.new(6.767565,3.486727,-56.930653,0.992546,0.000000,0.121868,-0.000000,1.000000,-0.000000,-0.121868,-0.000000,0.992546),
	CFrame.new(6.767565,3.486727,-56.930653,0.992546,0.000000,0.121868,-0.000000,1.000000,-0.000000,-0.121868,-0.000000,0.992546),
	CFrame.new(6.767565,3.486727,-56.930653,0.992546,0.000000,0.121868,-0.000000,1.000000,-0.000000,-0.121868,-0.000000,0.992546),
	CFrame.new(6.767565,3.486727,-56.930653,0.992546,0.000000,0.121868,-0.000000,1.000000,-0.000000,-0.121868,-0.000000,0.992546),

}
local path1={
	CFrame.new(6.824356,3.486727,-55.723225,1.000000,0.000000,0.000000,-0.000000,1.000000,-0.000000,-0.000000,0.000000,1.000000),
	CFrame.new(6.824356,3.486727,-55.723225,1.000000,0.000000,0.000000,-0.000000,1.000000,-0.000000,-0.000000,0.000000,1.000000),
	CFrame.new(6.824356,3.486727,-55.723225,1.000000,0.000000,0.000000,-0.000000,1.000000,-0.000000,-0.000000,0.000000,1.000000),
	CFrame.new(6.824356,3.486727,-58.014992,1.000000,0.000000,0.000000,-0.000000,1.000000,-0.000000,-0.000000,0.000000,1.000000),
	CFrame.new(6.824356,3.486727,-61.548271,1.000000,0.000000,0.000000,-0.000000,1.000000,-0.000000,-0.000000,0.000000,1.000000),
	CFrame.new(6.834730,3.486727,-64.948196,0.999848,0.000000,-0.017453,-0.000000,1.000000,-0.000000,0.017453,0.000000,0.999848),
	CFrame.new(6.925921,3.486727,-68.213539,0.999391,0.000000,-0.034899,-0.000000,1.000000,-0.000000,0.034899,0.000000,0.999391),
	CFrame.new(7.046898,3.486727,-71.678169,0.999391,0.000000,-0.034899,-0.000000,1.000000,-0.000000,0.034899,0.000000,0.999391),
	CFrame.new(7.165549,3.486727,-75.076172,0.999391,0.000000,-0.034899,-0.000000,1.000000,-0.000000,0.034899,0.000000,0.999391),
	CFrame.new(7.252574,3.486727,-78.274940,0.999657,0.000000,-0.026177,-0.000000,1.000000,-0.000000,0.026177,0.000000,0.999657),
	CFrame.new(7.332102,3.486727,-81.311798,0.999657,0.000000,-0.026177,-0.000000,1.000000,-0.000000,0.026177,0.000000,0.999657),
	CFrame.new(7.332195,3.486727,-81.315384,0.999657,0.000000,-0.026177,-0.000000,1.000000,-0.000000,0.026177,0.000000,0.999657),
	CFrame.new(7.332196,3.486727,-81.315384,0.992546,-0.000000,-0.121869,0.000000,1.000000,0.000000,0.121869,-0.000000,0.992546),
	CFrame.new(7.332193,3.486727,-81.315376,0.700907,0.000000,-0.713252,-0.000000,1.000000,0.000000,0.713252,-0.000000,0.700907),
	CFrame.new(7.332193,3.486727,-81.315376,0.233452,0.000000,-0.972368,0.000000,1.000000,0.000000,0.972368,-0.000000,0.233452),
	CFrame.new(7.332193,3.486727,-81.315376,0.139176,-0.000000,-0.990268,0.000000,1.000000,-0.000000,0.990268,-0.000000,0.139176),
	CFrame.new(7.332193,3.486727,-81.315376,0.130528,-0.000000,-0.991445,0.000000,1.000000,-0.000000,0.991445,-0.000000,0.130528),
	CFrame.new(7.332193,3.486727,-81.315376,-0.052340,-0.000000,-0.998629,0.000000,1.000000,-0.000000,0.998629,-0.000000,-0.052340),
	CFrame.new(7.956462,3.486727,-81.282654,-0.052340,0.000000,-0.998629,-0.000000,1.000000,0.000000,0.998629,0.000000,-0.052340),
	CFrame.new(8.330820,3.486727,-81.263039,-0.156433,0.000000,-0.987689,-0.000000,1.000000,0.000000,0.987689,0.000000,-0.156433),
	CFrame.new(8.330820,3.486727,-81.263039,-0.233452,0.000000,-0.972368,-0.000000,1.000000,0.000000,0.972368,0.000000,-0.233452),
	CFrame.new(8.330820,3.486727,-81.263039,-0.207913,0.000000,-0.978147,-0.000000,1.000000,0.000000,0.978147,0.000000,-0.207913),
	CFrame.new(8.330820,3.486727,-81.263039,-0.207917,0.000000,-0.978146,-0.000000,1.000000,0.000000,0.978146,0.000000,-0.207917),
	CFrame.new(8.330820,3.486727,-81.263039,-0.207905,0.000000,-0.978149,-0.000000,1.000000,0.000000,0.978149,0.000000,-0.207905),
	CFrame.new(9.174899,3.485910,-81.082115,-0.207213,-0.001664,-0.978294,-0.000529,0.999999,-0.001588,0.978296,0.000189,-0.207214),
	CFrame.new(9.174208,3.486101,-81.081963,-0.207916,-0.000000,-0.978147,-0.000000,1.000000,-0.000000,0.978147,-0.000000,-0.207916),
	CFrame.new(9.174208,3.486101,-81.081963,-0.207916,-0.000000,-0.978147,0.000000,1.000000,-0.000000,0.978147,-0.000000,-0.207916),
	CFrame.new(9.174208,3.486101,-81.081963,-0.207916,0.000000,-0.978147,0.000000,1.000000,0.000000,0.978147,-0.000000,-0.207916),
	CFrame.new(9.174208,3.486101,-81.081963,-0.207911,0.000000,-0.978148,0.000000,1.000000,0.000000,0.978148,-0.000000,-0.207911),
	CFrame.new(9.174208,3.486101,-81.081963,-0.190815,0.000000,-0.981626,0.000000,1.000000,0.000000,0.981626,-0.000000,-0.190815),
	CFrame.new(9.174208,3.486101,-81.081963,-0.190815,0.000000,-0.981626,0.000000,1.000000,0.000000,0.981626,-0.000000,-0.190815),
	CFrame.new(9.166176,3.486030,-81.081650,-0.333415,-0.000086,-0.942780,-0.000023,1.000000,-0.000083,0.942780,-0.000006,-0.333415),
	CFrame.new(8.855986,3.486539,-81.084274,-0.930419,0.000004,-0.366498,0.000005,1.000000,-0.000001,0.366498,-0.000003,-0.930419),
	CFrame.new(8.855983,3.486727,-81.084274,-0.986285,-0.000000,0.165050,-0.000000,1.000000,-0.000000,-0.165050,-0.000000,-0.986285),
	CFrame.new(8.855983,3.486727,-81.084274,-0.986285,-0.000000,0.165050,-0.000000,1.000000,-0.000000,-0.165050,-0.000000,-0.986285),
	CFrame.new(8.749521,3.486727,-80.672623,-0.968148,-0.000000,0.250380,-0.000000,1.000000,-0.000000,-0.250380,-0.000000,-0.968148),
	CFrame.new(7.894093,3.486727,-77.313271,-0.976296,-0.000000,0.216441,-0.000000,1.000000,-0.000000,-0.216441,-0.000000,-0.976296),
	CFrame.new(7.470789,3.486727,-74.081245,-0.999391,-0.000000,0.034900,-0.000000,1.000000,-0.000000,-0.034900,-0.000000,-0.999391),
	CFrame.new(7.352135,3.486727,-70.683243,-0.999657,-0.000000,0.026177,-0.000000,1.000000,-0.000000,-0.026177,-0.000000,-0.999657),
	CFrame.new(7.475267,3.486727,-67.420891,-0.997564,-0.000000,-0.069757,-0.000000,1.000000,-0.000000,0.069757,-0.000000,-0.997564),
	CFrame.new(7.699205,3.486727,-64.028290,-0.998630,-0.000000,-0.052336,-0.000000,1.000000,-0.000000,0.052336,-0.000000,-0.998630),
	CFrame.new(7.858197,3.486727,-60.994553,-0.998630,0.000000,-0.052336,0.000000,1.000000,0.000000,0.052336,0.000000,-0.998630),
	CFrame.new(7.858386,3.486727,-60.990959,-0.999962,0.000000,0.008726,0.000000,1.000000,0.000000,-0.008726,0.000000,-0.999962),
	CFrame.new(7.822293,3.486727,-59.124660,-0.999391,0.000000,0.034900,0.000000,1.000000,0.000000,-0.034900,0.000000,-0.999391),
	CFrame.new(7.754240,3.486727,-57.259220,-0.996917,0.000000,0.078460,0.000000,1.000000,0.000000,-0.078460,0.000000,-0.996917),
	CFrame.new(7.480703,3.486727,-55.520733,-0.953717,0.000000,0.300706,0.000000,1.000000,0.000000,-0.300706,0.000000,-0.953717),
	CFrame.new(6.510072,3.486727,-54.064327,-0.936673,0.000000,0.350206,0.000000,1.000000,0.000000,-0.350206,0.000000,-0.936673),
	CFrame.new(5.721887,3.486727,-54.359009,-0.942642,0.000000,0.333806,0.000000,1.000000,0.000000,-0.333806,0.000000,-0.942642),
	CFrame.new(4.474057,3.486727,-53.641666,-0.961262,0.000000,0.275638,0.000000,1.000000,0.000000,-0.275638,0.000000,-0.961262),
	CFrame.new(4.474036,3.486727,-53.641605,-0.994522,0.000000,0.104528,0.000000,1.000000,0.000000,-0.104528,0.000000,-0.994522),
	CFrame.new(4.474036,3.486727,-53.641605,-0.996195,0.000000,0.087156,0.000000,1.000000,0.000000,-0.087156,0.000000,-0.996195),
	CFrame.new(4.474036,3.486727,-53.641605,-0.999848,-0.000000,0.017453,-0.000000,1.000000,-0.000000,-0.017453,-0.000000,-0.999848),
	CFrame.new(4.474036,3.486727,-53.641605,-0.999848,-0.000000,0.017453,-0.000000,1.000000,-0.000000,-0.017453,-0.000000,-0.999848),
	CFrame.new(4.474036,3.486727,-53.641605,-0.999848,-0.000000,0.017453,-0.000000,1.000000,-0.000000,-0.017453,-0.000000,-0.999848),
	CFrame.new(4.474036,3.486727,-53.641605,-0.999848,-0.000000,0.017453,-0.000000,1.000000,-0.000000,-0.017453,-0.000000,-0.999848),
	CFrame.new(4.474036,3.486727,-53.641605,-0.999848,-0.000000,0.017453,-0.000000,1.000000,-0.000000,-0.017453,-0.000000,-0.999848),
}

local path2={
	CFrame.new(6.423748,3.486727,-58.165039,0.999752,0.000000,0.022252,-0.000000,1.000000,-0.000000,-0.022252,0.000000,0.999752),
	CFrame.new(6.423748,3.486727,-58.165039,0.999752,0.000000,0.022252,-0.000000,1.000000,-0.000000,-0.022252,0.000000,0.999752),
	CFrame.new(6.423748,3.486727,-58.165039,0.999752,0.000000,0.022252,-0.000000,1.000000,-0.000000,-0.022252,0.000000,0.999752),
	CFrame.new(6.423748,3.486727,-58.165039,0.999212,0.000000,0.039696,-0.000000,1.000000,-0.000000,-0.039696,0.000000,0.999212),
	CFrame.new(6.423748,3.486727,-58.165039,0.928648,-0.000000,0.370963,0.000000,1.000000,0.000000,-0.370963,-0.000000,0.928648),
	CFrame.new(6.415341,3.483877,-58.174782,0.639161,-0.000374,0.769073,-0.000139,1.000000,0.000602,-0.769073,-0.000492,0.639161),
	CFrame.new(5.454381,3.485841,-58.690727,0.326682,0.001074,0.945134,-0.000387,0.999999,-0.001002,-0.945134,-0.000039,0.326682),
	CFrame.new(4.786663,3.486727,-58.924870,0.012652,0.000000,0.999920,-0.000000,1.000000,-0.000000,-0.999920,-0.000000,0.012652),
	CFrame.new(2.922154,3.486727,-58.850098,-0.074540,0.000000,0.997218,0.000000,1.000000,-0.000000,-0.997218,0.000000,-0.074540),
	CFrame.new(1.127162,3.486727,-58.715908,-0.074540,0.000000,0.997218,0.000000,1.000000,-0.000000,-0.997218,0.000000,-0.074540),
	CFrame.new(-1.426187,3.486727,-58.554646,-0.048415,-0.000000,0.998827,-0.000000,1.000000,0.000000,-0.998827,-0.000000,-0.048415),
	CFrame.new(-4.823061,3.486727,-58.592270,0.108435,-0.000000,0.994104,-0.000000,1.000000,0.000000,-0.994104,-0.000000,0.108435),
	CFrame.new(-5.744458,3.486727,-58.987679,0.790421,-0.000000,0.612563,0.000000,1.000000,0.000000,-0.612563,-0.000000,0.790421),
	CFrame.new(-6.646667,3.486727,-60.433151,0.973279,0.000000,0.229626,-0.000000,1.000000,-0.000000,-0.229626,0.000000,0.973279),
	CFrame.new(-6.211467,3.486727,-62.677063,0.964902,0.000000,-0.262610,-0.000000,1.000000,-0.000000,0.262610,0.000000,0.964902),
	CFrame.new(-5.325336,3.486727,-66.028168,0.980871,-0.000000,-0.194661,0.000000,1.000000,-0.000000,0.194661,-0.000000,0.980871),
	CFrame.new(-4.995862,3.486727,-69.539612,0.999920,0.000000,-0.012653,-0.000000,1.000000,-0.000000,0.012653,0.000000,0.999920),
	CFrame.new(-4.986475,3.486727,-71.247757,0.988428,0.000000,-0.151692,-0.000000,1.000000,-0.000000,0.151692,0.000000,0.988428),
	CFrame.new(-4.986505,3.486729,-71.247711,0.473700,0.000000,-0.880687,-0.000000,1.000000,0.000000,0.880687,0.000000,0.473700),
	CFrame.new(-4.986505,3.486729,-71.247711,-0.030104,0.000000,-0.999547,0.000000,1.000000,0.000000,0.999547,-0.000000,-0.030104),
	CFrame.new(-4.986505,3.486729,-71.247711,-0.186102,-0.000000,-0.982530,0.000000,1.000000,-0.000000,0.982530,-0.000000,-0.186102),
	CFrame.new(-4.634123,3.486729,-71.180977,-0.186102,0.000000,-0.982530,-0.000000,1.000000,0.000000,0.982530,0.000000,-0.186102),
	CFrame.new(-3.938470,3.486729,-71.049217,-0.168912,0.000000,-0.985631,-0.000000,1.000000,0.000000,0.985631,0.000000,-0.168912),
	CFrame.new(-2.945871,3.486729,-70.928078,-0.108426,0.000000,-0.994105,-0.000000,1.000000,0.000000,0.994105,0.000000,-0.108426),
	CFrame.new(-2.945844,3.486729,-70.928078,-0.073672,0.000000,-0.997283,-0.000000,1.000000,0.000000,0.997283,0.000000,-0.073672),
	CFrame.new(-2.945844,3.486729,-70.928078,-0.030107,0.000000,-0.999547,-0.000000,1.000000,0.000000,0.999547,0.000000,-0.030107),
	CFrame.new(-2.945844,3.486729,-70.928078,-0.030110,-0.000000,-0.999547,0.000000,1.000000,-0.000000,0.999547,-0.000000,-0.030110),
	CFrame.new(-2.945844,3.486729,-70.928078,-0.151700,-0.000000,-0.988427,0.000000,1.000000,-0.000000,0.988427,-0.000000,-0.151700),
	CFrame.new(-2.945844,3.486729,-70.928078,-0.194657,-0.000000,-0.980871,0.000000,1.000000,-0.000000,0.980871,-0.000000,-0.194657),
	CFrame.new(-2.945844,3.486729,-70.928078,-0.262605,-0.000000,-0.964903,0.000000,1.000000,-0.000000,0.964903,-0.000000,-0.262605),
	CFrame.new(-2.945844,3.486729,-70.928078,-0.296127,-0.000000,-0.955149,0.000000,1.000000,-0.000000,0.955149,-0.000000,-0.296127),
	CFrame.new(-2.945844,3.486729,-70.928078,-0.296129,-0.000000,-0.955148,0.000000,1.000000,-0.000000,0.955148,-0.000000,-0.296129),
	CFrame.new(-2.945844,3.486729,-70.928078,-0.296130,-0.000000,-0.955148,0.000000,1.000000,-0.000000,0.955148,-0.000000,-0.296130),
	CFrame.new(-2.945849,3.486729,-70.928070,0.022468,-0.000000,-0.999748,0.000000,1.000000,-0.000000,0.999748,0.000000,0.022468),
	CFrame.new(-2.947722,3.486724,-70.927368,0.980870,-0.000000,-0.194664,0.000000,1.000000,-0.000000,0.194664,0.000000,0.980870),
	CFrame.new(-2.947723,3.486727,-70.927368,0.997218,0.000000,0.074543,-0.000000,1.000000,0.000000,-0.074543,-0.000000,0.997218),
	CFrame.new(-3.260330,3.486727,-72.426796,0.969123,0.000000,0.246576,-0.000000,1.000000,-0.000000,-0.246576,0.000000,0.969123),
	CFrame.new(-3.733655,3.486727,-74.052429,0.959927,0.000000,0.280249,-0.000000,1.000000,-0.000000,-0.280249,0.000000,0.959927),
	CFrame.new(-4.708076,3.486727,-77.448631,0.969123,0.000000,0.246577,-0.000000,1.000000,-0.000000,-0.246577,0.000000,0.969123),
	CFrame.new(-5.107102,3.486727,-79.478096,0.997218,0.000000,0.074544,-0.000000,1.000000,-0.000000,-0.074544,0.000000,0.997218),
	CFrame.new(-5.107515,3.486727,-82.935646,0.994104,0.000000,-0.108432,-0.000000,1.000000,-0.000000,0.108432,0.000000,0.994104),
	CFrame.new(-4.938624,3.486727,-83.987442,0.969339,0.000000,-0.245729,-0.000000,1.000000,-0.000000,0.245729,0.000000,0.969339),
	CFrame.new(-4.625325,3.486727,-85.119476,0.925706,0.000000,-0.378243,-0.000000,1.000000,-0.000000,0.378243,0.000000,0.925706),
	CFrame.new(-3.874910,3.486727,-86.828255,0.850581,0.000000,-0.525845,-0.000000,1.000000,-0.000000,0.525845,0.000000,0.850581),
	CFrame.new(-3.443902,3.486727,-87.502144,0.570357,-0.000000,-0.821397,0.000000,1.000000,0.000000,0.821397,-0.000000,0.570357),
	CFrame.new(-0.810055,3.486727,-88.294624,0.169779,-0.000000,-0.985482,0.000000,1.000000,0.000000,0.985482,-0.000000,0.169779),
	CFrame.new(1.408656,3.486727,-88.610817,0.109296,-0.000000,-0.994009,0.000000,1.000000,-0.000000,0.994009,-0.000000,0.109296),
	CFrame.new(3.531820,3.486727,-88.817909,0.083251,-0.000000,-0.996529,0.000000,1.000000,-0.000000,0.996529,-0.000000,0.083251),
	CFrame.new(5.282484,3.486727,-88.982582,0.143924,-0.000000,-0.989589,0.000000,1.000000,-0.000000,0.989589,-0.000000,0.143924),
	CFrame.new(5.389942,3.486727,-88.995338,0.563169,-0.000000,-0.826342,0.000000,1.000000,0.000000,0.826342,-0.000000,0.563169),
	CFrame.new(6.267303,3.486727,-89.998596,0.785590,-0.000000,-0.618748,0.000000,1.000000,0.000000,0.618748,-0.000000,0.785590),
	CFrame.new(6.267303,3.486727,-89.998596,0.790958,-0.000000,-0.611870,0.000000,1.000000,0.000000,0.611870,-0.000000,0.790958),
	CFrame.new(6.267303,3.486727,-89.998596,0.885191,-0.000000,-0.465227,0.000000,1.000000,0.000000,0.465227,-0.000000,0.885191),
	CFrame.new(6.267303,3.486727,-89.998596,0.957697,0.000000,-0.287777,-0.000000,1.000000,-0.000000,0.287777,0.000000,0.957697),
	CFrame.new(6.267303,3.486727,-89.998596,0.988428,0.000000,-0.151690,-0.000000,1.000000,-0.000000,0.151690,0.000000,0.988428),
	CFrame.new(6.267303,3.486727,-89.998596,0.989714,0.000000,-0.143060,-0.000000,1.000000,-0.000000,0.143060,0.000000,0.989714),
	CFrame.new(6.267303,3.486727,-89.998596,0.989714,0.000000,-0.143060,-0.000000,1.000000,-0.000000,0.143060,0.000000,0.989714),
	CFrame.new(6.267303,3.486727,-89.998596,0.989714,0.000000,-0.143060,-0.000000,1.000000,-0.000000,0.143060,0.000000,0.989714),
	CFrame.new(6.267303,3.486727,-89.998596,0.988428,0.000000,-0.151691,-0.000000,1.000000,-0.000000,0.151691,0.000000,0.988428),
	CFrame.new(6.267303,3.486727,-89.998596,0.988428,-0.000000,-0.151691,0.000000,1.000000,0.000000,0.151691,-0.000000,0.988428),
	CFrame.new(6.267303,3.486727,-89.998596,0.988428,-0.000000,-0.151691,0.000000,1.000000,0.000000,0.151691,-0.000000,0.988428),
	CFrame.new(6.267303,3.486727,-89.998596,0.985630,-0.000000,-0.168919,0.000000,1.000000,0.000000,0.168919,-0.000000,0.985630),
	CFrame.new(6.267239,3.486729,-89.998573,0.098413,-0.000000,-0.995146,0.000000,1.000000,-0.000000,0.995146,-0.000000,0.098413),
	CFrame.new(6.267237,3.486729,-89.998566,-0.488240,0.000000,-0.872710,0.000000,1.000000,0.000000,0.872710,-0.000000,-0.488240),
	CFrame.new(6.267237,3.486729,-89.998566,-0.904268,0.000000,-0.426966,0.000000,1.000000,0.000000,0.426966,0.000000,-0.904268),
	CFrame.new(6.974870,3.486729,-88.272263,-0.943945,0.000000,-0.330104,-0.000000,1.000000,0.000000,0.330104,0.000000,-0.943945),
	CFrame.new(7.374667,3.486729,-86.566383,-0.997218,-0.000000,-0.074544,-0.000000,1.000000,0.000000,0.074544,0.000000,-0.997218),
	CFrame.new(7.385612,3.486729,-83.168770,-0.999246,-0.000000,0.038824,-0.000000,1.000000,0.000000,-0.038824,0.000000,-0.999246),
	CFrame.new(7.261375,3.486729,-79.971016,-0.999246,0.000000,0.038824,0.000000,1.000000,-0.000000,-0.038824,-0.000000,-0.999246),
	CFrame.new(7.126785,3.486729,-76.506783,-0.999246,0.000000,0.038824,0.000000,1.000000,-0.000000,-0.038824,-0.000000,-0.999246),
	CFrame.new(6.999959,3.486729,-73.242409,-0.999246,0.000000,0.038824,0.000000,1.000000,-0.000000,-0.038824,-0.000000,-0.999246),
	CFrame.new(6.950782,3.486729,-71.976677,-0.999246,0.000000,0.038824,0.000000,1.000000,-0.000000,-0.038824,-0.000000,-0.999246),
	CFrame.new(6.837562,3.486729,-68.445221,-0.999992,0.000000,0.003927,0.000000,1.000000,-0.000000,-0.003927,-0.000000,-0.999992),
	CFrame.new(7.151803,3.486729,-65.066795,-0.975246,0.000000,-0.221121,0.000000,1.000000,-0.000000,0.221121,-0.000000,-0.975246),
	CFrame.new(8.006742,3.486729,-61.707539,-0.966935,0.000000,-0.255023,0.000000,1.000000,-0.000000,0.255023,-0.000000,-0.966935),
	CFrame.new(8.816383,3.486729,-58.611732,-0.971238,-0.000000,-0.238110,-0.000000,1.000000,0.000000,0.238110,0.000000,-0.971238),
	CFrame.new(9.230725,3.486729,-55.455017,-0.989714,-0.000000,0.143059,-0.000000,1.000000,0.000000,-0.143059,0.000000,-0.989714),
	CFrame.new(8.704441,3.486729,-53.840466,-0.704323,-0.000000,0.709880,0.000000,1.000000,0.000000,-0.709880,0.000000,-0.704323),
	CFrame.new(8.704441,3.486729,-53.840466,-0.496598,-0.000000,0.867981,0.000000,1.000000,0.000000,-0.867981,0.000000,-0.496598),
	CFrame.new(7.574228,3.484822,-54.501289,-0.496631,-0.000087,0.867962,-0.000146,1.000000,0.000017,-0.867962,-0.000119,-0.496631),
	CFrame.new(5.995988,3.492107,-53.484241,-0.670863,0.003502,0.741573,-0.005160,0.999943,-0.009390,-0.741563,-0.010126,-0.670807),
	CFrame.new(3.751472,3.481445,-53.957554,-0.728691,0.000003,0.684843,0.000012,1.000000,0.000009,-0.684843,0.000015,-0.728691),
	CFrame.new(3.751385,3.486726,-53.957443,-0.988428,0.000000,0.151692,0.000000,1.000000,0.000000,-0.151692,0.000000,-0.988428),
	CFrame.new(3.751385,3.486727,-53.957443,-0.999909,-0.000000,-0.013526,-0.000000,1.000000,0.000000,0.013526,0.000000,-0.999909),
	CFrame.new(3.751385,3.486727,-53.957443,-0.999909,-0.000000,-0.013526,-0.000000,1.000000,0.000000,0.013526,0.000000,-0.999909),
	CFrame.new(3.751385,3.486727,-53.957443,-0.999909,-0.000000,-0.013526,-0.000000,1.000000,0.000000,0.013526,0.000000,-0.999909),
	CFrame.new(3.751385,3.486727,-53.957443,-0.999909,-0.000000,-0.013526,-0.000000,1.000000,0.000000,0.013526,0.000000,-0.999909),
	CFrame.new(3.751385,3.486727,-53.957443,-0.999992,-0.000000,0.003927,-0.000000,1.000000,0.000000,-0.003927,0.000000,-0.999992),
	CFrame.new(3.751385,3.486727,-53.957443,-0.999992,-0.000000,0.003927,-0.000000,1.000000,0.000000,-0.003927,0.000000,-0.999992),
	CFrame.new(3.751385,3.486727,-53.957443,-0.999992,-0.000000,0.003927,-0.000000,1.000000,0.000000,-0.003927,0.000000,-0.999992),
	CFrame.new(3.751385,3.486727,-53.957443,-0.999992,-0.000000,0.003927,-0.000000,1.000000,0.000000,-0.003927,0.000000,-0.999992),
	CFrame.new(3.751385,3.486727,-53.957443,-0.999992,0.000000,0.003927,0.000000,1.000000,-0.000000,-0.003927,-0.000000,-0.999992),
	CFrame.new(3.751385,3.486727,-53.957443,-0.999992,0.000000,0.003927,0.000000,1.000000,-0.000000,-0.003927,-0.000000,-0.999992),
	CFrame.new(3.751385,3.486727,-53.957443,-0.999992,0.000000,0.003927,0.000000,1.000000,-0.000000,-0.003927,-0.000000,-0.999992),
	CFrame.new(3.751385,3.486727,-53.957443,-0.999992,0.000000,0.003927,0.000000,1.000000,-0.000000,-0.003927,-0.000000,-0.999992),
}
local path3= {
	CFrame.new(7.039542,3.486722,-58.106991,0.997282,0.000000,-0.073673,-0.000000,1.000000,0.000000,0.073673,-0.000000,0.997282),
	CFrame.new(7.039542,3.486727,-58.106991,0.997282,-0.000000,-0.073673,0.000000,1.000000,-0.000000,0.073673,-0.000000,0.997282),
	CFrame.new(7.039542,3.486727,-58.106991,0.997282,-0.000000,-0.073673,0.000000,1.000000,0.000000,0.073673,-0.000000,0.997282),
	CFrame.new(7.039542,3.486727,-58.106991,0.995012,-0.000000,-0.099753,0.000000,1.000000,0.000000,0.099753,-0.000000,0.995012),
	CFrame.new(7.052915,3.485993,-58.197887,0.889623,0.000020,-0.456695,0.000125,1.000000,0.000287,0.456695,-0.000313,0.889623),
	CFrame.new(7.059170,3.480912,-58.233433,0.821839,0.000066,-0.569720,-0.000798,0.999999,-0.001035,0.569719,0.001305,0.821838),
	CFrame.new(7.059243,3.482199,-58.233715,0.821881,0.000186,-0.569660,-0.000901,0.999999,-0.000973,0.569659,0.001313,0.821880),
	CFrame.new(7.099878,3.482596,-58.319221,0.619552,0.000055,-0.784956,-0.000677,1.000000,-0.000464,0.784955,0.000819,0.619552),
	CFrame.new(9.824529,3.486724,-59.978790,0.403148,-0.000000,-0.915135,-0.000000,1.000000,-0.000000,0.915135,0.000000,0.403148),
	CFrame.new(10.467937,3.486727,-58.737934,0.238110,0.000000,-0.971238,-0.000000,1.000000,0.000000,0.971238,0.000000,0.238110),
	CFrame.new(12.086667,3.486727,-58.881931,0.238108,0.000000,-0.971239,-0.000000,1.000000,0.000000,0.971239,-0.000000,0.238108),
	CFrame.new(14.860955,3.486727,-57.124886,0.370964,0.000000,-0.928647,0.000000,1.000000,0.000000,0.928647,-0.000000,0.370964),
	CFrame.new(17.984104,3.486727,-56.701019,0.845961,0.000000,-0.533245,-0.000000,1.000000,0.000000,0.533245,-0.000000,0.845961),
	CFrame.new(18.978601,3.486727,-59.522198,0.998416,0.000000,-0.056258,-0.000000,1.000000,0.000000,0.056258,-0.000000,0.998416),
	CFrame.new(18.990349,3.486727,-62.720840,0.999752,0.000000,0.022250,-0.000000,1.000000,0.000000,-0.022250,-0.000000,0.999752),
	CFrame.new(19.057173,3.486727,-66.184143,0.985630,0.000000,-0.168920,-0.000000,1.000000,0.000000,0.168920,-0.000000,0.985630),
	CFrame.new(20.187429,3.486727,-69.365463,0.526585,0.000000,-0.850123,0.000000,1.000000,0.000000,0.850123,-0.000000,0.526585),
	CFrame.new(20.044790,3.486727,-69.693329,0.030976,0.000000,-0.999520,0.000000,1.000000,0.000000,0.999520,-0.000000,0.030976),
	CFrame.new(20.044790,3.486727,-69.693329,-0.012648,-0.000000,-0.999920,-0.000000,1.000000,-0.000000,0.999920,0.000000,-0.012648),
	CFrame.new(20.044790,3.486727,-69.693329,0.126637,-0.000000,-0.991949,-0.000000,1.000000,-0.000000,0.991949,0.000000,0.126637),
	CFrame.new(20.457754,3.486727,-69.794579,0.238104,-0.000000,-0.971240,-0.000000,1.000000,-0.000000,0.971240,0.000000,0.238104),
	CFrame.new(21.080774,3.486727,-69.947327,0.238104,-0.000000,-0.971240,-0.000000,1.000000,-0.000000,0.971240,0.000000,0.238104),
	CFrame.new(21.080774,3.486727,-69.947327,0.238104,-0.000000,-0.971240,-0.000000,1.000000,-0.000000,0.971240,0.000000,0.238104),
	CFrame.new(21.080776,3.486727,-69.947327,0.109301,-0.000000,-0.994009,-0.000000,1.000000,-0.000000,0.994009,0.000000,0.109301),
	CFrame.new(21.080776,3.486727,-69.947327,-0.038828,-0.000000,-0.999246,-0.000000,1.000000,-0.000000,0.999246,0.000000,-0.038828),
	CFrame.new(21.080776,3.486727,-69.947327,-0.047538,-0.000000,-0.998869,-0.000000,1.000000,-0.000000,0.998869,0.000000,-0.047538),
	CFrame.new(21.080776,3.486727,-69.947327,-0.047542,-0.000000,-0.998869,-0.000000,1.000000,-0.000000,0.998869,0.000000,-0.047542),
	CFrame.new(21.080774,3.486727,-69.947304,0.222981,-0.000000,-0.974823,0.000000,1.000000,-0.000000,0.974823,0.000000,0.222981),
	CFrame.new(21.080723,3.486727,-69.947220,0.995733,0.000000,0.092281,-0.000000,1.000000,-0.000000,-0.092281,0.000000,0.995733),
	CFrame.new(20.562614,3.486727,-71.740158,0.957446,0.000000,0.288613,0.000000,1.000000,-0.000000,-0.288613,0.000000,0.957446),
	CFrame.new(19.743443,3.486727,-74.443817,0.938040,-0.000000,0.346527,-0.000000,1.000000,0.000000,-0.346527,-0.000000,0.938040),
	CFrame.new(20.160627,3.486727,-76.494926,0.304169,0.000000,0.952618,-0.000000,1.000000,-0.000000,-0.952618,0.000000,0.304169),
	CFrame.new(17.796675,3.486727,-76.896881,0.047542,0.000000,0.998869,0.000000,1.000000,-0.000000,-0.998869,0.000000,0.047542),
	CFrame.new(16.004171,3.813822,-76.915428,0.016906,0.007935,0.999826,0.000806,0.999968,-0.007950,-0.999857,0.000940,0.016899),
	CFrame.new(16.008427,3.841555,-76.914902,0.003931,-0.000000,0.999992,-0.000000,1.000000,0.000000,-0.999992,-0.000000,0.003931),
	CFrame.new(16.008427,3.841555,-76.914902,0.003931,0.000000,0.999992,0.000000,1.000000,-0.000000,-0.999992,0.000000,0.003931),
	CFrame.new(16.008427,3.841555,-76.914902,0.003931,-0.000000,0.999992,-0.000000,1.000000,0.000000,-0.999992,-0.000000,0.003931),
	CFrame.new(16.008427,3.841555,-76.914902,0.003931,0.000000,0.999992,0.000000,1.000000,-0.000000,-0.999992,0.000000,0.003931),
	CFrame.new(16.008427,3.841555,-76.914902,0.003931,-0.000000,0.999992,-0.000000,1.000000,0.000000,-0.999992,-0.000000,0.003931),
	CFrame.new(16.804821,3.575737,-76.911789,0.003931,-0.000000,0.999992,-0.000000,1.000000,0.000000,-0.999992,-0.000000,0.003931),
	CFrame.new(16.808414,3.486596,-76.911781,0.003931,0.000000,0.999992,0.000000,1.000000,-0.000000,-0.999992,0.000000,0.003931),
	CFrame.new(16.808414,3.486727,-76.911781,0.003931,0.000000,0.999992,0.000000,1.000000,-0.000000,-0.999992,0.000000,0.003931),
	CFrame.new(16.808388,3.486727,-76.911697,0.631785,0.000001,0.775143,-0.000000,1.000000,-0.000001,-0.775143,0.000001,0.631785),
	CFrame.new(16.459570,3.486727,-78.187340,0.979134,-0.000000,-0.203214,0.000000,1.000000,0.000000,0.203214,-0.000000,0.979134),
	CFrame.new(17.120323,3.486727,-79.931618,0.900887,-0.000000,-0.434054,0.000000,1.000000,0.000000,0.434054,-0.000000,0.900887),
	CFrame.new(18.390808,3.486727,-82.455086,0.893175,-0.000000,-0.449709,0.000000,1.000000,-0.000000,0.449709,-0.000000,0.893175),
	CFrame.new(18.812319,3.486727,-84.224838,0.980649,0.000000,0.195772,-0.000000,1.000000,-0.000000,-0.195772,0.000000,0.980649),
	CFrame.new(18.058533,3.486727,-87.184944,0.880685,0.000000,0.473703,0.000000,1.000000,-0.000000,-0.473703,0.000000,0.880685),
	CFrame.new(17.766460,3.486727,-88.246376,0.220222,-0.000000,0.975450,-0.000000,1.000000,0.000000,-0.975450,-0.000000,0.220222),
	CFrame.new(16.276173,3.486727,-88.179932,-0.048408,0.000000,0.998828,0.000000,1.000000,-0.000000,-0.998828,0.000000,-0.048408),
	CFrame.new(13.271564,3.486727,-88.751564,-0.048408,0.000000,0.998828,0.000000,1.000000,-0.000000,-0.998828,0.000000,-0.048408),
	CFrame.new(10.185976,3.486727,-88.916122,-0.109297,-0.000000,0.994009,0.000000,1.000000,0.000000,-0.994009,0.000000,-0.109297),
	CFrame.new(7.407520,3.486727,-88.009308,-0.816894,-0.000000,0.576788,-0.000000,1.000000,-0.000000,-0.576788,-0.000000,-0.816894),
	CFrame.new(6.282007,3.486727,-85.070778,-0.999920,-0.000000,0.012653,-0.000000,1.000000,-0.000000,-0.012653,-0.000000,-0.999920),
	CFrame.new(6.595838,3.486727,-81.621384,-0.994009,-0.000000,-0.109301,-0.000000,1.000000,-0.000000,0.109301,-0.000000,-0.994009),
	CFrame.new(6.504946,3.486727,-78.165367,-0.995012,-0.000000,0.099753,-0.000000,1.000000,-0.000000,-0.099753,-0.000000,-0.995012),
	CFrame.new(6.291775,3.486727,-76.039009,-0.995012,0.000000,0.099753,0.000000,1.000000,0.000000,-0.099753,0.000000,-0.995012),
	CFrame.new(6.146131,3.486727,-72.581154,-0.999752,0.000000,-0.022252,0.000000,1.000000,0.000000,0.022252,0.000000,-0.999752),
	CFrame.new(6.275713,3.486727,-69.117050,-0.999212,0.000000,-0.039696,0.000000,1.000000,0.000000,0.039696,0.000000,-0.999212),
	CFrame.new(6.230617,3.486727,-66.451302,-0.999246,0.000000,0.038824,0.000000,1.000000,0.000000,-0.038824,0.000000,-0.999246),
	CFrame.new(5.962550,3.486727,-62.996346,-0.990925,0.000000,0.134419,0.000000,1.000000,0.000000,-0.134419,0.000000,-0.990925),
	CFrame.new(5.272903,3.486727,-59.602020,-0.967157,0.000000,0.254180,0.000000,1.000000,0.000000,-0.254180,0.000000,-0.967157),
	CFrame.new(3.489061,3.484152,-57.967335,-0.969703,-0.000292,0.244286,0.000066,0.999999,0.001459,-0.244286,0.001430,-0.969702),
	CFrame.new(2.758028,3.486727,-54.707851,-0.999547,-0.000000,0.030102,0.000000,1.000000,0.000000,-0.030102,0.000000,-0.999547),
	CFrame.new(2.971672,3.846497,-53.309696,-0.999520,-0.000009,-0.030974,-0.000008,1.000000,-0.000033,0.030974,-0.000033,-0.999520),
	CFrame.new(2.971667,3.846496,-53.309719,-0.999520,0.000000,-0.030975,0.000000,1.000000,0.000000,0.030975,0.000000,-0.999520),
	CFrame.new(2.971667,4.089633,-53.309719,-0.999752,-0.000000,-0.022251,-0.000000,1.000000,0.000000,0.022251,0.000000,-0.999752),
	CFrame.new(2.936145,3.426954,-54.905731,-0.999752,-0.000000,-0.022251,-0.000000,1.000000,0.000000,0.022251,0.000000,-0.999752),
	CFrame.new(2.936064,3.486701,-54.909328,-0.999752,-0.000000,-0.022251,-0.000000,1.000000,0.000000,0.022251,0.000000,-0.999752),
	CFrame.new(3.735860,3.486727,-54.927135,-0.999752,-0.000000,-0.022251,-0.000000,1.000000,0.000000,0.022251,0.000000,-0.999752),
	CFrame.new(3.735860,3.486727,-54.927135,-0.999752,0.000000,-0.022251,0.000000,1.000000,-0.000000,0.022251,-0.000000,-0.999752),
	CFrame.new(3.735860,3.486727,-54.927135,-0.999752,0.000000,-0.022251,0.000000,1.000000,-0.000000,0.022251,-0.000000,-0.999752),
	CFrame.new(3.735860,3.486727,-54.927135,-0.999752,0.000000,-0.022251,0.000000,1.000000,-0.000000,0.022251,-0.000000,-0.999752),
	CFrame.new(3.735860,3.486727,-54.927135,-0.999752,0.000000,-0.022251,0.000000,1.000000,-0.000000,0.022251,-0.000000,-0.999752),
}
local TweenService= game:GetService("TweenService")
local function walkpath(humanoid, walkTo, reverse)
	local npc = humanoid.Parent
	local root = npc:WaitForChild("HumanoidRootPart")

	local startIndex = reverse and #walkTo or 1
	local endIndex = reverse and 1 or #walkTo
	local step = reverse and -1 or 1

	for i = startIndex, endIndex, step do
		if npc:GetAttribute("stop") then
			humanoid:MoveTo(root.Position)
			return
		end

		local v = walkTo[i]
		humanoid:MoveTo(v.Position)

		local start = tick()

		while tick() - start < 2 do
			if npc:GetAttribute("stop") then
				humanoid:MoveTo(root.Position)
				return
			end

			local distance = (root.Position - v.Position).Magnitude

			if distance < 3 then
				break
			end

			task.wait()
		end
	end
end
_G.stopCustomers=true
while true do 
	wait(10)
	if #game.Workspace.NPCs:GetChildren()<1 and  not _G.stopCustomers then


		local npc=game.ServerStorage.Char:GetChildren()[math.random(1,#game.ServerStorage.Char:GetChildren())]:Clone()

		npc.Humanoid.WalkSpeed=16
		--npc.Humanoid.WalkSpeed=40

		npc.Parent = workspace.NPCs

		for _, obj in ipairs(npc:GetDescendants()) do
			if obj:IsA("BasePart") then
				obj.CollisionGroup = "NPC"
			end
		end

		game.ServerStorage.Animate:Clone().Parent = npc
		Instance.new("Animator", npc.Humanoid)
		npc.Animate.Enabled = true

		npc:PivotTo(pos[1])
		local humanoid = npc:FindFirstChild("Humanoid")
		local walkTo=table.clone(pos)
		if (math.random(1,3)==1) then for _, v in ipairs(path1) do	table.insert(walkTo, v) end
		elseif (math.random(1,3)==2) then for _, v in ipairs(path2) do	table.insert(walkTo, v) end
		else for _, v in ipairs(path3) do	table.insert(walkTo, v) end end


		task.spawn(function()
			wait(2)
			for i=1,math.random(1,4) do
				
			local food = game.ServerStorage.Foods:GetChildren()[math.random(1,#game.ServerStorage.Foods:GetChildren())]:Clone()
			food.Parent = npc
			food.Name="Food"
			local hand = npc:WaitForChild("Right Arm")

			food:PivotTo(
				hand.CFrame * CFrame.new(0, -0.3, 0)
			)

			local mainPart = food:IsA("Model")
				and food.PrimaryPart
				or food

			local weld = Instance.new("WeldConstraint")
			weld.Part0 = mainPart
			weld.Part1 = hand
			weld.Parent = hand



			end
		end)
		walkpath(humanoid,walkTo,false)
		wait(0.1)
		npc:SetAttribute("Ready",true)
		npc:SetAttribute("PlayerCheckout",false)
		local player=game.Players:GetPlayers()[1]

		task.spawn(function()
			while (npc:GetAttribute("Ready")) do 
				task.wait(0) 
